#Accelerometer
accelerometer_noise_density: 0.000976199973245127 
accelerometer_random_walk: 5.08299623437513e-05 

#Gyroscope
gyroscope_noise_density: 0.00011305741939005275 
gyroscope_random_walk: 3.2529151246317528e-06 

rostopic: '/mavros/imu/data' #Make sure this is correct
update_rate: 50.0 #Make sure this is correct
